1 0.486306952181409 0.28865887527902 0.191405045715304 0.0525196336054082 0.0478689596762616 0.0376476961368985 0.0300623601702805 0.0436359712774673 0.0316676489305896 0.019728917679387 0.0197289176793869 0.0316676489305899 0.0256949971442667 0.0392474022054625 0.0256949971442666 0.0392474022054625 0.0392474022054626 0.116060565999501 0.0452264986163886 -0.0354413298570515 0.0572095807636356 0.0452264986163885 0.0512136097884038 0.0512136097884037 0.0572095807636356 0.0646242898547609 0.0676882538261138 0.0767971910286573 0.0601087900534806 0.025253342987966 0.03286556657677 0.00022720440042477 0.0484235750756567 0.0559932048130235 0.0252533415858932 0.0273099689310566 0.0252533415858932 0.03286556657677 0.0328655665767701 -0.000365388684621844 0.0164887497087052 0.0616586019132227 0.0480581108916533 0.0449197050495625 0.050966102568217 0.050966102568217 0.050966102568217 0.0449197071776234 -0.0348867782909047
0.486306952181409 1 0.650005128587137 0.41131358844831 0.134563409080085 0.114012598102239 0.135737866931322 0.100320922844503 0.141423995723964 0.130064107525293 0.0777292668329452 0.077729266832945 0.1437502318341 0.0970426713418286 0.138081528659608 0.0970426713418284 0.138081528659608 0.138081528659609 -0.0199012201969303 0.00688898874604505 -0.0570735191644521 -0.00928727123757418 -0.0204832598715665 -0.0148879708588436 -0.0148879708588438 -0.00928727123757498 0.00823482373396949 0.0269237524162409 0.0374479000693463 0.0188247852457337 0.0382355877550828 0.0463237362419485 0.0310981147747815 0.052821381845153 0.0472135990580369 0.0382355856322317 0.0310981147747818 0.0382355856322314 0.0325742607438408 0.0463237362419486 -0.000553227789373627 0.0455168274540866 0.0350114059020098 0.0487395624267439 0.0301351334100786 0.0358076014874915 0.0358076014874912 0.0358076014874913 0.0301351348377237 0.00183407575851303
0.28865887527902 0.650005128587137 1 0.682436647447073 0.195467919770641 0.170806316799374 0.200990623170616 0.178153481433292 0.206183965840434 0.223812088601848 0.171509143994924 0.171509143994924 0.23781208910633 0.204640956489335 0.232627646906056 0.204640956489335 0.232627646906057 0.232627646906056 0.0112155476864341 -0.0141879199743454 -0.0736574572649799 -0.0180599089049625 -0.0281879204788285 -0.0231261412359115 -0.0231261412359121 -0.0180599089049631 -0.00548958944263297 0.0303707963396246 0.0431068322052938 0.0214275881910796 0.0547007856680476 0.063622001941806 0.026556349182431 0.049436243338834 0.0443576561824288 0.0687774952597587 0.0265563491824306 0.0687774952597585 0.063622001941805 0.0636220019418054 0.00226366183897537 0.0239858181331822 0.0814305311015083 0.0673875344184912 0.0598558771409507 0.0650232353118582 0.0650232353118583 0.0650232353118598 0.0739451787388779 -0.0354590132487336
0.191405045715304 0.41131358844831 0.682436647447073 1 0.298352665315752 0.210140409316228 0.236071443845057 0.211662618444825 0.240743051960991 0.260464482377459 0.207637698195564 0.207637698195564 0.274988886522008 0.241292560782219 0.270327559520567 0.24129256078222 0.270327559520567 0.270327559520565 -0.0219512948686087 -0.0445480046581231 -0.17203428896367 -0.0355210654360842 -0.0445480046581239 -0.0400360756690184 -0.0400360756690194 -0.0355210654360852 -0.0431068874508463 -0.00283771371465766 0.0126450535490461 0.00171378270658151 0.0500848265362495 0.0454886895547479 0.0144570160104034 0.0389282706298613 0.0343927688744018 0.0500848237555254 0.0144570160104034 0.0500848237555255 0.0454886895547476 0.0454886895547475 -0.00283771371465668 0.0371800188036179 0.0508937593724279 0.0363247485242194 0.0546912984847901 0.0593087880549065 0.0593087880549063 0.0593087880549058 0.069308348358812 -0.0244274898202407
0.0525196336054082 0.134563409080085 0.195467919770641 0.298352665315752 1 0.794929013690191 0.736369113145735 0.756298241405099 0.742713137370212 0.75720620519959 0.744692043808525 0.744692043808528 0.743635875084753 0.764493079374126 0.750929189027148 0.764493079374128 0.750929189027148 0.750929189027149 0.23113004680024 -0.00273228123117665 -0.123536543557061 -0.01805268807175 -0.0298729414608464 -0.0239654824507324 -0.0239654824507298 -0.0180526880717497 0.0158715863506428 -0.00795393287655971 0.00145969787186865 -0.00201294762947627 0.0312271062271063 0.0252533429879655 0.0337456816950793 0.0549204574427934 0.048995768729951 0.0312271044933682 0.0337456816950804 0.0312271044933678 0.038886488296686 0.0252533429879645 -0.0215761857341154 0.00911751984349352 0.0405619528771946 0.013337939459619 -0.0310717095672431 -0.0251376550017236 -0.0251376550017228 -0.0251376550017236 -0.0174148232963405 0.0128208352639636
0.0478689596762616 0.114012598102239 0.170806316799374 0.210140409316228 0.794929013690191 1 0.805861081671298 0.839341399219999 0.812005471682561 0.813413197141367 0.828606829330904 0.828606829330903 0.799760097403385 0.8346413725279 0.807348140327912 0.834641372527901 0.807348140327913 0.807348140327912 0.337688202472423 0.0215334123384276 -0.0976042302158797 0.00559560916958261 -0.00577278713753675 -9.16792977548916e-05 -9.16792977561437e-05 0.00559560916958277 0.0239064366444753 0.014717142736646 0.0112898703319382 0.00672006549301243 0.0398938645025311 0.0341526616151773 0.0317551830986188 0.0397034080385035 0.0340215112308182 0.0398938622876142 0.0317551830986173 0.0398938622876146 0.0478689596762604 0.0341526616151784 0.0147171427366459 0.00559560954722649 0.0500925613357295 0.0227025002750916 0.00442636821157393 0.0101533120556212 0.0101533120556215 0.0101533120556205 0.00442636842127146 0.0284510596773619
0.0376476961368985 0.135737866931322 0.200990623170616 0.236071443845057 0.736369113145735 0.805861081671298 1 0.939191295688478 0.993263746638085 0.979767674999629 0.912511912383159 0.912511912383158 0.966264263328651 0.919109051500982 0.973097014427065 0.919109051500982 0.973097014427066 0.973097014427066 0.350212488500756 0.00752203468920195 -0.115560753623782 -0.00707659572913524 -0.0194847886527553 -0.0132837638945295 -0.0132837638945289 -0.00707659572913369 0.00209968992607982 0.00427576297596477 -0.000862421734433978 -0.00305005518884318 0.0167667264965729 0.0240817790283168 0.042856566573779 0.0501256557811894 0.0439149245061613 0.0303441283335398 0.0428565665737792 0.0303441283335393 0.0376476961368967 0.0240817790283166 0.00427576297596489 0.00644151705996985 0.0251353025491117 0.0115904198011275 -0.00414982652878356 0.00209968975961354 0.00209968975961384 0.00209968975961381 -0.00414982672538081 0.0307630378440511
0.0300623601702805 0.100320922844503 0.178153481433292 0.211662618444825 0.756298241405099 0.839341399219999 0.939191295688478 1 0.945896724887319 0.932535880096857 0.973366581190116 0.973366581190116 0.919024809877639 0.979948034527123 0.925929492542284 0.979948034527123 0.925929492542284 0.925929492542285 0.39711743617599 -0.0132390352483616 -0.0955036113898786 -0.0414851081393978 -0.0537722459060131 -0.0476309309266205 -0.0476309309266192 -0.0414851081393983 -0.00566324383891957 -0.0168396761816313 -0.0217998533699328 -0.0242320842584687 0.00911751948649856 0.0164887490630918 0.0357717947572032 0.0430926794230099 0.0369257489315318 0.0227026222609257 0.0492654591086551 0.0227026222609254 0.030062360170279 0.0164887490630914 0.0102858562622925 0.012618009672974 0.0311981861219329 0.0176456213051164 -0.0118633718001074 -0.00566324338993135 -0.00566324338993128 -0.00566324338993141 -0.0118633723621319 0.0378418907538201
0.0436359712774673 0.141423995723964 0.206183965840434 0.240743051960991 0.742713137370212 0.812005471682561 0.993263746638085 0.945896724887319 1 0.986580160973727 0.919371190051871 0.91937119005187 0.973069090754508 0.925929517699116 0.979948034809255 0.925929517699116 0.979948034809255 0.979948034809256 0.356459741725538 0.000272034970856179 -0.12245444111922 -0.0144335496590036 -0.026750105467579 -0.020594707276844 -0.0205947072768433 -0.0144335496590033 -0.00566324383891904 -0.00327690995967033 -0.00826577773609999 -0.010658473151282 0.00911751948649831 0.0164887490630917 0.0357717947572028 0.0430926794230098 0.0369257489315314 0.0227026222609256 0.0357717947572023 0.0227026222609256 0.0300623601702787 0.0164887490630917 -0.00327690995967022 0.0126180096729738 0.0176456213051163 0.00409305648829925 -0.0118633718001081 -0.0056632433899324 -0.00566324338993224 -0.0056632433899324 -0.0118633723621325 0.0243527957243479
0.0316676489305896 0.130064107525293 0.223812088601848 0.260464482377459 0.75720620519959 0.813413197141367 0.979767674999629 0.932535880096857 0.986580160973727 1 0.919185845727898 0.919185845727897 0.986503623188404 0.939317851030638 0.993277687629622 0.939317851030639 0.993277687629623 0.993277687629623 0.34398798865206 -0.0122282608695664 -0.122140589492747 -0.0267501047096217 -0.0392210144927538 -0.0329881980969283 -0.0329881980969289 -0.026750104709621 -0.0173362282609409 -0.0152756160259929 -0.0205058706639059 -0.0225677498126049 -0.00273228123117638 0.00454994955899177 0.0229776068973621 0.0302044169375842 0.023957553533271 0.0108380482819277 0.0229776068973625 0.0108380482819273 0.0181087992447901 0.00454994955899164 -0.0152756160259944 0.000272034981506608 0.00554233156570797 -0.00799549471774612 -0.0236097830943112 -0.0173362268865075 -0.017336226886508 -0.0173362268865084 -0.0100273214803492 0.0102188596225961
0.019728917679387 0.0777292668329452 0.171509143994924 0.207637698195564 0.744692043808525 0.828606829330904 0.912511912383159 0.973366581190116 0.919371190051871 0.919185845727898 1 0.999999777918868 0.905701678058954 0.966328187506958 0.912417139395713 0.966328187506958 0.912417139395713 0.912417139395714 0.399231538772295 -0.0381900587670754 -0.108400997011555 -0.0660446963497504 -0.0786425617739047 -0.0723454027364442 -0.0723454027364439 -0.0660446963497503 -0.0154061694162623 -0.0272532095381047 -0.0327253217903694 -0.048004002464132 -0.0145589842386817 -0.00736425037802135 0.0371466667421935 0.0173473111216984 0.0110195376504189 -0.00100093011083907 0.0506134632010427 -0.0010009301108387 0.00618233365068263 -0.00736425037802085 0.0133540726736697 -0.0120493075546516 0.00698972907809451 -0.00653585056653302 -0.0353371001863698 -0.0289891212187035 -0.0289891212187038 -0.0289891212187037 -0.0353371018604574 0.00957716134843676
0.0197289176793869 0.077729266832945 0.171509143994924 0.207637698195564 0.744692043808528 0.828606829330903 0.912511912383158 0.973366581190116 0.91937119005187 0.919185845727897 0.999999777918868 1 0.905701678058954 0.966328187506959 0.912417139395713 0.966328187506959 0.912417139395712 0.912417139395713 0.399231538772295 -0.038190058767075 -0.108400997011555 -0.0660446963497501 -0.0786425617739053 -0.0723454027364441 -0.0723454027364438 -0.06604469634975 -0.0154061694162623 -0.027253209538105 -0.0327253217903691 -0.0480040024641317 -0.0145589842386821 -0.00736425037802114 0.0371466667421931 0.0173473111216983 0.0110195376504192 -0.00100093011083921 0.0506134632010429 -0.00100093011083883 0.00618233365068241 -0.00736425037802146 0.0133540726736703 -0.0120493075546518 0.00698972907809428 -0.00653585056653287 -0.0353371001863697 -0.0289891212187033 -0.0289891212187036 -0.0289891212187035 -0.035337101860457 0.0095771613484374
0.0316676489305899 0.1437502318341 0.23781208910633 0.274988886522008 0.743635875084753 0.799760097403385 0.966264263328651 0.919024809877639 0.973069090754508 0.986503623188404 0.905701678058954 0.905701678058954 1 0.925827888639932 0.979787725414981 0.925827888639933 0.979787725414983 0.979787725414982 0.34398798865206 0.00126811594202835 -0.122140589492747 -0.0132390348732369 -0.0257246376811597 -0.0194847873374719 -0.0194847873374708 -0.013239034873237 -0.00374097557209752 -0.0017275994315121 -0.00698651345628708 -0.00900890012680649 0.0108380488836585 0.0181087992447903 0.0229776068973619 0.0302044169375853 0.0239575535332711 0.024408377643334 0.022977606897362 0.0244083776433342 0.0316676489305889 0.0181087992447899 -0.00172759943151171 0.0137831057297474 0.0190801578491623 0.00554233156570836 -0.0100273210053063 -0.00374097527551047 -0.00374097527550992 -0.00374097527551064 0.0035551412521219 0.0102188596225953
0.0256949971442667 0.0970426713418286 0.204640956489335 0.241292560782219 0.764493079374126 0.8346413725279 0.919109051500982 0.979948034527123 0.925929517699116 0.939317851030638 0.966328187506958 0.966328187506959 0.925827888639932 1 0.946065639807081 0.999999777918872 0.946065639807081 0.946065639807082 0.378379499641902 -0.0319594411001283 -0.10181069790871 -0.0599098833139556 -0.0724293282722422 -0.0661714992164112 -0.0661714992164109 -0.0599098833139562 -0.0231647851269047 -0.0348082163260515 -0.0401306869140415 -0.0420670307229151 -0.00864811175762736 -0.00140981400260682 0.0300646582912124 0.0237724138449999 0.017485220223071 0.00491576851561916 0.043537242006674 0.00491576851561899 0.0121425915708297 -0.00140981400260664 0.00581651656623236 -0.0058912899821812 0.0130319112441158 -0.000499480918765348 -0.0294754240606834 -0.0231647832903774 -0.0231647832903777 -0.0231647832903777 -0.0158994180595352 0.0300996722828322
0.0392474022054625 0.138081528659608 0.232627646906056 0.270327559520567 0.750929189027148 0.807348140327912 0.973097014427065 0.925929492542284 0.979948034809255 0.993277687629622 0.912417139395713 0.912417139395713 0.979787725414981 0.946065639807081 1 0.946065639807081 0.999999777918878 0.999999777918878 0.337785318744629 -0.0184694784683667 -0.12871942170703 -0.0329005860198641 -0.0454494028976459 -0.0391775127139942 -0.0391775127139945 -0.032900586019864 -0.0231647848245676 -0.0212666384177271 -0.0266177547017976 -0.028514624777319 -0.0086481116447561 -0.00140981398420666 0.0300646578988218 0.0237724135347319 0.0174852199948619 0.00491576845146038 0.0300646578988223 0.00491576845146046 0.0121425914123494 -0.0014098139842067 -0.00772506096370512 -0.00589128990529065 -0.000499480912246269 -0.0140308728985213 -0.0294754236759825 -0.0231647829880405 -0.0231647829880407 -0.0231647829880408 -0.0158994178520234 0.016631650533805
0.0256949971442666 0.0970426713418284 0.204640956489335 0.24129256078222 0.764493079374128 0.834641372527901 0.919109051500982 0.979948034527123 0.925929517699116 0.939317851030639 0.966328187506958 0.966328187506959 0.925827888639933 0.999999777918872 0.946065639807081 1 0.946065639807081 0.946065639807081 0.378379499641902 -0.031959441100128 -0.101810697908709 -0.0599098833139558 -0.0724293282722424 -0.0661714992164107 -0.0661714992164105 -0.0599098833139564 -0.0231647851269048 -0.0348082163260514 -0.0401306869140416 -0.0420670307229152 -0.00864811175762737 -0.00140981400260709 0.030064658291213 0.0237724138449995 0.0174852202230715 0.00491576851561951 0.0435372420066739 0.00491576851561934 0.0121425915708299 -0.00140981400260706 0.00581651656623266 -0.00589128998218093 0.0130319112441157 -0.000499480918764609 -0.029475424060683 -0.0231647832903776 -0.0231647832903779 -0.0231647832903779 -0.0158994180595357 0.0300996722828322
0.0392474022054625 0.138081528659608 0.232627646906057 0.270327559520567 0.750929189027148 0.807348140327913 0.973097014427066 0.925929492542284 0.979948034809255 0.993277687629623 0.912417139395713 0.912417139395712 0.979787725414983 0.946065639807081 0.999999777918878 0.946065639807081 1 0.999999777918878 0.337785318744629 -0.0184694784683672 -0.12871942170703 -0.0329005860198636 -0.0454494028976464 -0.0391775127139943 -0.0391775127139946 -0.0329005860198634 -0.0231647848245686 -0.0212666384177272 -0.026617754701797 -0.0285146247773188 -0.00864811164475657 -0.0014098139842068 0.0300646578988217 0.0237724135347324 0.0174852199948618 0.00491576845146086 0.0300646578988221 0.00491576845146095 0.0121425914123499 -0.0014098139842065 -0.00772506096370502 -0.00589128990529072 -0.00049948091224541 -0.0140308728985211 -0.0294754236759831 -0.0231647829880405 -0.0231647829880406 -0.0231647829880407 -0.0158994178520228 0.0166316505338052
0.0392474022054626 0.138081528659609 0.232627646906056 0.270327559520565 0.750929189027149 0.807348140327912 0.973097014427066 0.925929492542285 0.979948034809256 0.993277687629623 0.912417139395714 0.912417139395713 0.979787725414982 0.946065639807082 0.999999777918878 0.946065639807081 0.999999777918878 1 0.33778531874463 -0.0184694784683668 -0.12871942170703 -0.0329005860198637 -0.0454494028976458 -0.0391775127139943 -0.0391775127139945 -0.0329005860198636 -0.0231647848245681 -0.021266638417727 -0.0266177547017971 -0.028514624777319 -0.00864811164475583 -0.00140981398420749 0.030064657898822 0.0237724135347326 0.0174852199948611 0.00491576845146074 0.0300646578988224 0.00491576845146083 0.0121425914123493 -0.00140981398420722 -0.00772506096370488 -0.00589128990529005 -0.000499480912245428 -0.014030872898521 -0.0294754236759827 -0.0231647829880403 -0.0231647829880404 -0.0231647829880405 -0.0158994178520229 0.0166316505338054
0.116060565999501 -0.0199012201969303 0.0112155476864341 -0.0219512948686087 0.23113004680024 0.337688202472423 0.350212488500756 0.39711743617599 0.356459741725538 0.34398798865206 0.399231538772295 0.399231538772295 0.34398798865206 0.378379499641902 0.337785318744629 0.378379499641902 0.337785318744629 0.33778531874463 1 -0.075684626135015 -0.0892135420496655 -0.0636697657917177 -0.0756846261350153 -0.0696788719832455 -0.0696788719832454 -0.0636697657917171 -0.0290129586991631 -0.0667624513505102 -0.0576564814871152 -0.0743463083024727 -0.041110087375537 -0.033544835237764 -0.0396083789647481 -0.0591429969101423 -0.0516442605687091 -0.0274980791400467 -0.0260879930180188 -0.0274980791400467 -0.0335448352377643 -0.0199443442161945 0.0147752966103586 0.00409305664856336 0.00870357712462905 -0.00487582592845744 -0.0214420755599419 -0.0153759516562467 -0.0153759516562464 -0.0153759516562466 -0.021442076575756 -0.143594116731219
0.0452264986163886 0.00688898874604505 -0.0141879199743454 -0.0445480046581231 -0.00273228123117665 0.0215334123384276 0.00752203468920195 -0.0132390352483616 0.000272034970856179 -0.0122282608695664 -0.0381900587670754 -0.038190058767075 0.00126811594202835 -0.0319594411001283 -0.0184694784683667 -0.031959441100128 -0.0184694784683672 -0.0184694784683668 -0.075684626135015 1 0.564358182367744 0.946046923510075 0.946014492753624 0.952760787343408 0.952760787343408 0.946046923510075 0.662426406181201 0.729865296670506 0.723058775755153 0.723168982906316 0.64864356428091 0.628257035105726 0.306036394227477 0.461386033579527 0.455012705407382 0.621502869545221 0.306036394227476 0.621502869545222 0.614698185419928 0.614698185419928 0.486000997969834 0.540714864911096 0.57413103547078 0.601206688037688 0.601183472999903 0.594450095608381 0.594450095608381 0.594450095608381 0.587601038748363 0.347079497624113
-0.0354413298570515 -0.0570735191644521 -0.0736574572649799 -0.17203428896367 -0.123536543557061 -0.0976042302158797 -0.115560753623782 -0.0955036113898786 -0.12245444111922 -0.122140589492747 -0.108400997011555 -0.108400997011555 -0.122140589492747 -0.10181069790871 -0.12871942170703 -0.101810697908709 -0.12871942170703 -0.12871942170703 -0.0892135420496655 0.564358182367744 1 0.51089004304435 0.523975901670068 0.517424708223863 0.517424708223863 0.51089004304435 0.364192076955423 0.390313980768624 0.369534276606579 0.343204580933269 0.282499007692983 0.262066171478201 0.2748682988204 0.147196179407216 0.153960636962333 0.241895439137875 0.30175513717539 0.241895439137875 0.235020034993177 0.235020034993178 0.336264925810887 0.268332600462713 0.234836865639116 0.248338965959483 0.262340719466373 0.255717055249915 0.255717055249915 0.255717055249915 0.262340731894705 0.094703424250966
0.0572095807636356 -0.00928727123757418 -0.0180599089049625 -0.0355210654360842 -0.01805268807175 0.00559560916958261 -0.00707659572913524 -0.0414851081393978 -0.0144335496590036 -0.0267501047096217 -0.0660446963497504 -0.0660446963497501 -0.0132390348732369 -0.0599098833139556 -0.0329005860198641 -0.0599098833139558 -0.0329005860198636 -0.0329005860198637 -0.0636697657917177 0.946046923510075 0.51089004304435 1 0.986580133019229 0.99326362749393 0.993263627493931 0.999999777918874 0.68844947749181 0.769800742880079 0.776710587018321 0.776610949060499 0.701957805375766 0.681595674002422 0.359619729002308 0.515210990856153 0.508905589114627 0.674787560611461 0.359619729002308 0.674787560611461 0.668022063279841 0.66802206327984 0.539233723639777 0.580700759646866 0.613958455848704 0.654616149147129 0.613610122422596 0.620399145664439 0.620399145664439 0.620399145664439 0.613610103867136 0.348091066568601
0.0452264986163885 -0.0204832598715665 -0.0281879204788285 -0.0445480046581239 -0.0298729414608464 -0.00577278713753675 -0.0194847886527553 -0.0537722459060131 -0.026750105467579 -0.0392210144927538 -0.0786425617739047 -0.0786425617739053 -0.0257246376811597 -0.0724293282722422 -0.0454494028976459 -0.0724293282722424 -0.0454494028976464 -0.0454494028976458 -0.0756846261350153 0.946014492753624 0.523975901670068 0.986580133019229 1 0.993271019621782 0.993271019621781 0.986580133019231 0.689616911558887 0.756961329859469 0.76361684737801 0.763845531963712 0.689354554625415 0.668933584163123 0.359952353718926 0.501809310139708 0.495424125895581 0.662213857629441 0.346473363846064 0.662213857629441 0.655374734477324 0.655374734477324 0.526645047753278 0.581248077155815 0.614744514321144 0.641820166888051 0.614765935088907 0.608045347219379 0.608045347219379 0.608045347219378 0.601183501480833 0.347079497624113
0.0512136097884038 -0.0148879708588436 -0.0231261412359115 -0.0400360756690184 -0.0239654824507324 -9.16792977548916e-05 -0.0132837638945295 -0.0476309309266205 -0.020594707276844 -0.0329881980969283 -0.0723454027364442 -0.0723454027364441 -0.0194847873374719 -0.0661714992164112 -0.0391775127139942 -0.0661714992164107 -0.0391775127139943 -0.0391775127139943 -0.0696788719832455 0.952760787343408 0.517424708223863 0.99326362749393 0.993271019621782 1 0.999999777918873 0.993263627493931 0.695818936359879 0.763360100201353 0.770142556861733 0.770207168008891 0.695636855623072 0.675245754659016 0.353034903140617 0.508494885332608 0.502149715631598 0.668482013298427 0.353034903140617 0.668482013298428 0.661679838466177 0.661679838466177 0.532923783456027 0.587720347855144 0.621110101533626 0.648199865200954 0.620969007600141 0.614204874525301 0.614204874525301 0.614204874525301 0.607379543124522 0.35431778842749
0.0512136097884037 -0.0148879708588438 -0.0231261412359121 -0.0400360756690194 -0.0239654824507298 -9.16792977561437e-05 -0.0132837638945289 -0.0476309309266192 -0.0205947072768433 -0.0329881980969289 -0.0723454027364439 -0.0723454027364438 -0.0194847873374708 -0.0661714992164109 -0.0391775127139945 -0.0661714992164105 -0.0391775127139946 -0.0391775127139945 -0.0696788719832454 0.952760787343408 0.517424708223863 0.993263627493931 0.993271019621781 0.999999777918873 1 0.993263627493932 0.695818936359878 0.763360100201354 0.770142556861734 0.770207168008891 0.695636855623073 0.675245754659016 0.353034903140617 0.508494885332607 0.502149715631597 0.668482013298427 0.353034903140617 0.668482013298427 0.661679838466177 0.661679838466176 0.532923783456028 0.587720347855144 0.621110101533626 0.648199865200955 0.620969007600141 0.614204874525301 0.614204874525301 0.614204874525301 0.607379543124523 0.35431778842749
0.0572095807636356 -0.00928727123757498 -0.0180599089049631 -0.0355210654360852 -0.0180526880717497 0.00559560916958277 -0.00707659572913369 -0.0414851081393983 -0.0144335496590033 -0.026750104709621 -0.0660446963497503 -0.06604469634975 -0.013239034873237 -0.0599098833139562 -0.032900586019864 -0.0599098833139564 -0.0329005860198634 -0.0329005860198636 -0.0636697657917171 0.946046923510075 0.51089004304435 0.999999777918874 0.986580133019231 0.993263627493931 0.993263627493932 1 0.688449477491809 0.769800742880079 0.776710587018321 0.776610949060499 0.701957805375767 0.681595674002422 0.359619729002309 0.515210990856154 0.508905589114627 0.674787560611461 0.359619729002309 0.674787560611461 0.66802206327984 0.66802206327984 0.539233723639777 0.580700759646868 0.613958455848704 0.654616149147129 0.613610122422595 0.620399145664439 0.620399145664439 0.620399145664439 0.613610103867136 0.348091066568601
0.0646242898547609 0.00823482373396949 -0.00548958944263297 -0.0431068874508463 0.0158715863506428 0.0239064366444753 0.00209968992607982 -0.00566324383891957 -0.00566324383891904 -0.0173362282609409 -0.0154061694162623 -0.0154061694162623 -0.00374097557209752 -0.0231647851269047 -0.0231647848245676 -0.0231647851269048 -0.0231647848245686 -0.0231647848245681 -0.0290129586991631 0.662426406181201 0.364192076955423 0.68844947749181 0.689616911558887 0.695818936359879 0.695818936359878 0.688449477491809 1 0.877546989537299 0.871760489601551 0.884115284608757 0.767707714347886 0.747533452149758 0.45398854071913 0.624455561575707 0.618444046062292 0.740368177678896 0.467566279090697 0.740368177678896 0.733875268903859 0.733875268903858 0.6182488445232 0.647619361130454 0.680111344143467 0.721022361615157 0.692179057574506 0.685018328043995 0.685018328043995 0.685018328043995 0.678497121082094 0.393529981912044
0.0676882538261138 0.0269237524162409 0.0303707963396246 -0.00283771371465766 -0.00795393287655971 0.014717142736646 0.00427576297596477 -0.0168396761816313 -0.00327690995967033 -0.0152756160259929 -0.0272532095381047 -0.027253209538105 -0.0017275994315121 -0.0348082163260515 -0.0212666384177271 -0.0348082163260514 -0.0212666384177272 -0.021266638417727 -0.0667624513505102 0.729865296670506 0.390313980768624 0.769800742880079 0.756961329859469 0.763360100201353 0.763360100201354 0.769800742880079 0.877546989537299 1 0.966279462383394 0.925164149461384 0.850247997149422 0.829889049946355 0.49445581370729 0.664134760308328 0.657950353801931 0.823003445740924 0.507986376837205 0.823003445740923 0.816278321444208 0.816278321444208 0.700803212851407 0.729112494574501 0.748615028258177 0.802973526898757 0.77524095005889 0.782016032006766 0.782016032006766 0.782016032006766 0.775240986785755 0.417943744732032
0.0767971910286573 0.0374479000693463 0.0431068322052938 0.0126450535490461 0.00145969787186865 0.0112898703319382 -0.000862421734433978 -0.0217998533699328 -0.00826577773609999 -0.0205058706639059 -0.0327253217903694 -0.0327253217903691 -0.00698651345628708 -0.0401306869140415 -0.0266177547017976 -0.0401306869140416 -0.026617754701797 -0.0266177547017971 -0.0576564814871152 0.723058775755153 0.369534276606579 0.776710587018321 0.76361684737801 0.770142556861733 0.770142556861734 0.776710587018321 0.871760489601551 0.966279462383394 1 0.946041124143526 0.871439629505848 0.850967568959088 0.514750160683516 0.697424432114787 0.691107092510779 0.844252709769133 0.528252101347515 0.844252709769133 0.837385632504169 0.837385632504168 0.70842884894128 0.736108410946842 0.783117908375505 0.823800540143051 0.755932007110227 0.762813217591601 0.762813217591602 0.762813217591601 0.755932042922335 0.409359788118813
0.0601087900534806 0.0188247852457337 0.0214275881910796 0.00171378270658151 -0.00201294762947627 0.00672006549301243 -0.00305005518884318 -0.0242320842584687 -0.010658473151282 -0.0225677498126049 -0.048004002464132 -0.0480040024641317 -0.00900890012680649 -0.0420670307229151 -0.028514624777319 -0.0420670307229152 -0.0285146247773188 -0.028514624777319 -0.0743463083024727 0.723168982906316 0.343204580933269 0.776610949060499 0.763845531963712 0.770207168008891 0.770207168008891 0.776610949060499 0.884115284608757 0.925164149461384 0.946041124143526 1 0.884141497437375 0.863783882616448 0.528341112747749 0.711726617528504 0.705568875247317 0.843242014694173 0.528341112747749 0.843242014694173 0.836540659139738 0.836540659139738 0.707392493427032 0.749463778196248 0.782484626056408 0.823286099121116 0.768122377376566 0.774849757210684 0.774849757210684 0.774849757210684 0.76812241376619 0.425364312390664
0.025253342987966 0.0382355877550828 0.0547007856680476 0.0500848265362495 0.0312271062271063 0.0398938645025311 0.0167667264965729 0.00911751948649856 0.00911751948649831 -0.00273228123117638 -0.0145589842386817 -0.0145589842386821 0.0108380488836585 -0.00864811175762736 -0.0086481116447561 -0.00864811175762737 -0.00864811164475657 -0.00864811164475583 -0.041110087375537 0.64864356428091 0.282499007692983 0.701957805375766 0.689354554625415 0.695636855623072 0.695636855623073 0.701957805375767 0.767707714347886 0.850247997149422 0.871439629505848 0.884141497437375 1 0.97957351459842 0.589412445779296 0.772978160134429 0.766842866430197 0.959065880818321 0.589412445779296 0.959065880818321 0.952307223980979 0.952307223980978 0.823003491434311 0.864979107552185 0.898118375530892 0.938954395657257 0.842969064572061 0.849726133671346 0.849726133671346 0.849726133671346 0.84296910450753 0.40572033296316
0.03286556657677 0.0463237362419485 0.063622001941806 0.0454886895547479 0.0252533429879655 0.0341526616151773 0.0240817790283168 0.0164887490630918 0.0164887490630917 0.00454994955899177 -0.00736425037802135 -0.00736425037802114 0.0181087992447903 -0.00140981400260682 -0.00140981398420666 -0.00140981400260709 -0.0014098139842068 -0.00140981398420749 -0.033544835237764 0.628257035105726 0.262066171478201 0.681595674002422 0.668933584163123 0.675245754659016 0.675245754659016 0.681595674002422 0.747533452149758 0.829889049946355 0.850967568959088 0.863783882616448 0.97957351459842 1 0.609589406339645 0.792947398237017 0.786765834051606 0.979573460212219 0.609589406339644 0.979573460212219 0.972756776523291 0.972756776523291 0.843499778448502 0.885199894582829 0.918489536272103 0.959291009336811 0.863639711457491 0.870457032352142 0.870457032352142 0.870457032352142 0.863639752372226 0.411827515605912
0.00022720440042477 0.0310981147747815 0.026556349182431 0.0144570160104034 0.0337456816950793 0.0317551830986188 0.042856566573779 0.0357717947572032 0.0357717947572028 0.0229776068973621 0.0371466667421935 0.0371466667421931 0.0229776068973619 0.0300646582912124 0.0300646578988218 0.030064658291213 0.0300646578988217 0.030064657898822 -0.0396083789647481 0.306036394227477 0.2748682988204 0.359619729002308 0.359952353718926 0.353034903140617 0.353034903140617 0.359619729002309 0.45398854071913 0.49445581370729 0.514750160683516 0.528341112747749 0.589412445779296 0.609589406339645 1 0.777981033127331 0.77138745035244 0.616518107359019 0.959615124000543 0.616518107359019 0.609589406339645 0.62313078860496 0.724475386915842 0.602505721109116 0.595849760531555 0.622890532425015 0.542097849820701 0.549032665792237 0.549032665792238 0.549032665792237 0.542097875502463 0.40624085059284
0.0484235750756567 0.052821381845153 0.049436243338834 0.0389282706298613 0.0549204574427934 0.0397034080385035 0.0501256557811894 0.0430926794230099 0.0430926794230098 0.0302044169375842 0.0173473111216984 0.0173473111216983 0.0302044169375853 0.0237724138449999 0.0237724135347319 0.0237724138449995 0.0237724135347324 0.0237724135347326 -0.0591429969101423 0.461386033579527 0.147196179407216 0.515210990856153 0.501809310139708 0.508494885332608 0.508494885332607 0.515210990856154 0.624455561575707 0.664134760308328 0.697424432114787 0.711726617528504 0.772978160134429 0.792947398237017 0.777981033127331 1 0.993298325562189 0.800074632796759 0.777981033127331 0.800074632796758 0.792947398237017 0.806484195021768 0.664134760308329 0.690569267876708 0.751805457655302 0.792352880383574 0.685208265959851 0.692321209586963 0.692321209586963 0.692321209586963 0.685208298421438 0.506681112314916
0.0559932048130235 0.0472135990580369 0.0443576561824288 0.0343927688744018 0.048995768729951 0.0340215112308182 0.0439149245061613 0.0369257489315318 0.0369257489315314 0.023957553533271 0.0110195376504189 0.0110195376504192 0.0239575535332711 0.017485220223071 0.0174852199948619 0.0174852202230715 0.0174852199948618 0.0174852199948611 -0.0516442605687091 0.455012705407382 0.153960636962333 0.508905589114627 0.495424125895581 0.502149715631598 0.502149715631597 0.508905589114627 0.618444046062292 0.657950353801931 0.691107092510779 0.705568875247317 0.766842866430197 0.786765834051606 0.77138745035244 0.993298325562189 1 0.793931392075435 0.771387450352439 0.793931392075435 0.786765834051605 0.800298660518986 0.657950353801931 0.684212433462671 0.745554500905426 0.786090031149874 0.692695317493771 0.699858948194153 0.699858948194153 0.699858948194153 0.692695350310055 0.499492315643901
0.0252533415858932 0.0382355856322317 0.0687774952597587 0.0500848237555254 0.0312271044933682 0.0398938622876142 0.0303441283335398 0.0227026222609257 0.0227026222609256 0.0108380482819277 -0.00100093011083907 -0.00100093011083921 0.024408377643334 0.00491576851561916 0.00491576845146038 0.00491576851561951 0.00491576845146086 0.00491576845146074 -0.0274980791400467 0.621502869545221 0.241895439137875 0.674787560611461 0.662213857629441 0.668482013298427 0.668482013298427 0.674787560611461 0.740368177678896 0.823003445740924 0.844252709769133 0.843242014694173 0.959065880818321 0.979573460212219 0.616518107359019 0.800074632796759 0.793931392075435 1 0.616518107359019 0.999999777918869 0.993206604764025 0.993206604764023 0.850247949943411 0.878564163340854 0.925342337573196 0.979790361385381 0.870282790445564 0.877065578372446 0.877065578372446 0.877065578372446 0.870282831675013 0.405720310437451
0.0273099689310566 0.0310981147747818 0.0265563491824306 0.0144570160104034 0.0337456816950804 0.0317551830986173 0.0428565665737792 0.0492654591086551 0.0357717947572023 0.0229776068973625 0.0506134632010427 0.0506134632010429 0.022977606897362 0.043537242006674 0.0300646578988223 0.0435372420066739 0.0300646578988221 0.0300646578988224 -0.0260879930180188 0.306036394227476 0.30175513717539 0.359619729002308 0.346473363846064 0.353034903140617 0.353034903140617 0.359619729002309 0.467566279090697 0.507986376837205 0.528252101347515 0.528341112747749 0.589412445779296 0.609589406339644 0.959615124000543 0.777981033127331 0.771387450352439 0.616518107359019 1 0.616518107359019 0.609589406339645 0.62313078860496 0.738005950045756 0.602505721109117 0.622890532425015 0.636410918371744 0.528532885571261 0.535454928497126 0.535454928497126 0.535454928497126 0.528532910610386 0.392783783732383
0.0252533415858932 0.0382355856322314 0.0687774952597585 0.0500848237555255 0.0312271044933678 0.0398938622876146 0.0303441283335393 0.0227026222609254 0.0227026222609256 0.0108380482819273 -0.0010009301108387 -0.00100093011083883 0.0244083776433342 0.00491576851561899 0.00491576845146046 0.00491576851561934 0.00491576845146095 0.00491576845146083 -0.0274980791400467 0.621502869545222 0.241895439137875 0.674787560611461 0.662213857629441 0.668482013298428 0.668482013298427 0.674787560611461 0.740368177678896 0.823003445740923 0.844252709769133 0.843242014694173 0.959065880818321 0.979573460212219 0.616518107359019 0.800074632796758 0.793931392075435 0.999999777918869 0.616518107359019 1 0.993206604764024 0.993206604764023 0.85024794994341 0.878564163340855 0.925342337573196 0.97979036138538 0.870282790445564 0.877065578372445 0.877065578372445 0.877065578372445 0.870282831675013 0.405720310437451
0.03286556657677 0.0325742607438408 0.063622001941805 0.0454886895547476 0.038886488296686 0.0478689596762604 0.0376476961368967 0.030062360170279 0.0300623601702787 0.0181087992447901 0.00618233365068263 0.00618233365068241 0.0316676489305889 0.0121425915708297 0.0121425914123494 0.0121425915708299 0.0121425914123499 0.0121425914123493 -0.0335448352377643 0.614698185419928 0.235020034993177 0.668022063279841 0.655374734477324 0.661679838466177 0.661679838466177 0.66802206327984 0.733875268903859 0.816278321444208 0.837385632504169 0.836540659139738 0.952307223980979 0.972756776523291 0.609589406339645 0.792947398237017 0.786765834051605 0.993206604764025 0.609589406339645 0.993206604764024 1 0.986378388261646 0.843499778448501 0.87162628294417 0.918489536272103 0.972891500358381 0.863639711457492 0.870457032352142 0.870457032352141 0.870457032352141 0.863639752372226 0.411827515605912
0.0328655665767701 0.0463237362419486 0.0636220019418054 0.0454886895547475 0.0252533429879645 0.0341526616151784 0.0240817790283166 0.0164887490630914 0.0164887490630917 0.00454994955899164 -0.00736425037802085 -0.00736425037802146 0.0181087992447899 -0.00140981400260664 -0.0014098139842067 -0.00140981400260706 -0.0014098139842065 -0.00140981398420722 -0.0199443442161945 0.614698185419928 0.235020034993178 0.66802206327984 0.655374734477324 0.661679838466177 0.661679838466176 0.66802206327984 0.733875268903858 0.816278321444208 0.837385632504168 0.836540659139738 0.952307223980978 0.972756776523291 0.62313078860496 0.806484195021768 0.800298660518986 0.993206604764023 0.62313078860496 0.993206604764023 0.986378388261646 1 0.857110506950649 0.885199894582829 0.932090027293672 0.98649199137995 0.877285044897623 0.884115214515206 0.884115214515207 0.884115214515207 0.877285086458803 0.411827515605911
-0.000365388684621844 -0.000553227789373627 0.00226366183897537 -0.00283771371465668 -0.0215761857341154 0.0147171427366459 0.00427576297596489 0.0102858562622925 -0.00327690995967022 -0.0152756160259944 0.0133540726736697 0.0133540726736703 -0.00172759943151171 0.00581651656623236 -0.00772506096370512 0.00581651656623266 -0.00772506096370502 -0.00772506096370488 0.0147752966103586 0.486000997969834 0.336264925810887 0.539233723639777 0.526645047753278 0.532923783456027 0.532923783456028 0.539233723639777 0.6182488445232 0.700803212851407 0.70842884894128 0.707392493427032 0.823003491434311 0.843499778448502 0.724475386915842 0.664134760308329 0.657950353801931 0.850247949943411 0.738005950045756 0.85024794994341 0.843499778448501 0.857110506950649 1 0.83761462859857 0.816563151558901 0.857332025539335 0.747972087556819 0.754721492590273 0.754721492590273 0.754721492590273 0.747972122991827 0.323261875541
0.0164887497087052 0.0455168274540866 0.0239858181331822 0.0371800188036179 0.00911751984349352 0.00559560954722649 0.00644151705996985 0.012618009672974 0.0126180096729738 0.000272034981506608 -0.0120493075546516 -0.0120493075546518 0.0137831057297474 -0.0058912899821812 -0.00589128990529065 -0.00589128998218093 -0.00589128990529072 -0.00589128990529005 0.00409305664856336 0.540714864911096 0.268332600462713 0.580700759646866 0.581248077155815 0.587720347855144 0.587720347855144 0.580700759646868 0.647619361130454 0.729112494574501 0.736108410946842 0.749463778196248 0.864979107552185 0.885199894582829 0.602505721109116 0.690569267876708 0.684212433462671 0.878564163340854 0.602505721109117 0.878564163340855 0.87162628294417 0.885199894582829 0.83761462859857 1 0.844352108191324 0.871457238886251 0.790374362952465 0.7837198417445 0.783719841744501 0.7837198417445 0.776777150002662 0.348091090061086
0.0616586019132227 0.0350114059020098 0.0814305311015083 0.0508937593724279 0.0405619528771946 0.0500925613357295 0.0251353025491117 0.0311981861219329 0.0176456213051163 0.00554233156570797 0.00698972907809451 0.00698972907809428 0.0190801578491623 0.0130319112441158 -0.000499480912246269 0.0130319112441157 -0.00049948091224541 -0.000499480912245428 0.00870357712462905 0.57413103547078 0.234836865639116 0.613958455848704 0.614744514321144 0.621110101533626 0.621110101533626 0.613958455848704 0.680111344143467 0.748615028258177 0.783117908375505 0.782484626056408 0.898118375530892 0.918489536272103 0.595849760531555 0.751805457655302 0.745554500905426 0.925342337573196 0.622890532425015 0.925342337573196 0.918489536272103 0.932090027293672 0.816563151558901 0.844352108191324 1 0.945682387787652 0.83688100879472 0.830118342393707 0.830118342393707 0.830118342393707 0.823256871854188 0.370006571160229
