1 0.571428230131205 0.40283964029551 0.320516293278652 0.205699231074204 0.193113091284631 0.205340824768949 0.199474260906182 0.208455219813011 0.200898590496795 -0.168155204389129 -0.168097433079129 0.205328056236295 0.195114483703584 0.204241414537557 0.195386265965584 0.205065851508557 0.205096011859557 -0.12769894907725 -0.0313737626253058 -0.0351661163761759 -0.02529350520966 -0.0323184282723058 -0.0308141581052606 -0.0306547370782606 -0.02515098451966 0.0654201005081806 0.0660640860603571 0.0758936119576287 0.0749963366986404 0.037289358598833 0.0415505944071351 -0.0114033177840376 0.0492268762310782 0.0542832640629116 0.038000791371283 0.00685296272127836 0.038010041122883 0.0432461081383851 0.0432376623526851 0.0205498670632893 0.0442096764191528 0.0664067042846613 0.0533145908522766 0.0555174657745116 0.0570241210241806 0.0572134594455806 0.0572134594455806 0.0520375964888116 0.00796682020724778
0.571428230131205 1 0.73934726190157 0.554803712639156 0.324064833529042 0.290956062833619 0.330236385760662 0.305238172242271 0.333439583303692 0.323552045867147 -0.210138721429251 -0.210132230399251 0.33198116091855 0.298851957243781 0.327167848041493 0.298864662602781 0.327628643710993 0.327625649991493 -0.203649162803466 -0.0428127153246283 -0.0450838716899766 -0.0589154724246846 -0.0655826967812841 -0.0641479252104142 -0.0619492649194142 -0.0588222487266846 0.0469824943289338 0.0572813729830696 0.0609173340181721 0.059613933239366 0.055632624052241 0.0600662420343742 -0.00419798343380949 0.0422587982397763 0.0371163670949683 0.058036198250091 0.00432147458724051 0.058022429218991 0.0527496778900701 0.0637794820349242 0.0276717747072626 0.0654634707321931 0.0644652251161043 0.0643686023299218 0.0404538727696115 0.0415024014866769 0.0416614172744269 0.0416614172744269 0.0417055642679115 -0.0130011595612938
0.40283964029551 0.73934726190157 1 0.755151623826037 0.356154180981321 0.320599206722189 0.359949734712808 0.339941214105423 0.362716688219255 0.370080152626425 -0.160874143452919 -0.160796076260919 0.377684659399166 0.350788818270249 0.372505564453509 0.34936510102625 0.372965506211509 0.372860998280509 -0.173090370776782 -0.0510233679808703 -0.0463854318590887 -0.0628620593574056 -0.0693177163484112 -0.0675623683959965 -0.0657702838429965 -0.0628147227359056 0.0534231986146868 0.0553663620677148 0.0600791922451003 0.0568527319855924 0.0540625852809764 0.0585696770411556 -0.0166137644832328 0.0318685676151193 0.0273179911265666 0.0602009417080558 -0.0095225998581828 0.0601889427937058 0.0555161777084556 0.0554648508869556 0.00254199403105431 0.0372733608625433 0.0664174028392062 0.0578368507345985 0.0493425674025572 0.0495293615747356 0.0496466484965356 0.0496466484965356 0.0555761243165911 -0.0261409204206653
0.320516293278652 0.554803712639156 0.755151623826037 1 0.477304377556879 0.384603985755615 0.417993022073028 0.39864655347271 0.42072429900461 0.42914903085873 -0.185634148004166 -0.185572921452666 0.436680310008006 0.410981855273094 0.431653864501435 0.408818577432594 0.431675719783435 0.431486343463935 -0.213065539653804 -0.0845712155800605 -0.088379455634455 -0.0899340079466899 -0.0959856808020606 -0.0942998924622871 -0.0931575790797871 -0.0898813381576899 0.0509550478825782 0.0554082401806726 0.0618793456635248 0.0683509860587919 0.0671958501936762 0.064513930442975 -0.0278483817371471 0.0377701512543814 0.0336782682675517 0.0608608366402762 -0.0198105913060971 0.0608501935902262 0.056641018891725 0.0564374941671751 0.0173178897126226 0.05439133780866 0.0552695097652155 0.0477818575176615 0.0608364317734904 0.0610139320692346 0.0611105142182846 0.0611105142182846 0.0677347396545074 0.0150874851631305
0.205699231074204 0.324064833529042 0.356154180981321 0.477304377556879 1 0.849668622913096 0.803729558581866 0.819057924574374 0.807645504030471 0.816512222928295 -0.0642306970154788 -0.0640727767979788 0.806477588743377 0.822724747634909 0.811524339535194 0.822118243229409 0.811108077402694 0.810973579151694 -0.18577933730838 -0.0871512895495875 -0.09165634972288 -0.089806862456558 -0.0977931110484225 -0.0959583656437363 -0.0953593962452363 -0.089751378011058 0.0667029799778218 0.0667718149797205 0.0684455203479346 0.0747520356607622 0.086251046501553 0.083374359749983 -0.03162320062101 0.0514037181320471 0.0455178436884261 0.082194661634053 -0.01848268084196 0.082199592263053 0.0865746583558434 0.075974045275483 0.0523229704024429 0.0776489514067465 0.0854949854665981 0.0635807851438094 0.0531693879368713 0.0501129258281697 0.0500171725601697 0.0500171725601697 0.0541051550938306 0.0517338086803818
0.193113091284631 0.290956062833619 0.320599206722189 0.384603985755615 0.849668622913096 1 0.85439569250215 0.877842477360591 0.858134822403707 0.858913260765684 -0.0405241351788033 -0.0404305747698033 0.850735455818193 0.873909251477028 0.855041613518951 0.874169192593028 0.855114535255951 0.855081943886951 -0.140979828086289 -0.0882919382222862 -0.0877983238180399 -0.091907026397386 -0.099519233245268 -0.0981619454189722 -0.0973787021589722 -0.091920812745886 0.0739109173447372 0.0778141087718234 0.0757109238399698 0.0807078885085068 0.0968361160287665 0.0942278711065894 -0.0340316804812406 0.0486019010375525 0.0427379956684095 0.0923135944157665 -0.0216008235679906 0.0923174361622665 0.0966461650786307 0.0861530143915894 0.0738010533398235 0.0777557109631139 0.0967714889323649 0.0732676061680461 0.0706872415621362 0.0670743419847938 0.0669617947952938 0.0669617947952938 0.0663274011921362 0.0503577623262809
0.205340824768949 0.330236385760662 0.359949734712808 0.417993022073028 0.803729558581866 0.85439569250215 1 0.956871811300128 0.996148546572027 0.987224577932316 -0.0245705326029586 -0.0244692154644586 0.977590016423827 0.942657468141612 0.982463168729654 0.942427772938112 0.981956613772654 0.981828529425654 -0.156012066974623 -0.0699172082318987 -0.0626594256517954 -0.0818010188363644 -0.0898958095658769 -0.0882152314836114 -0.0876651778516114 -0.0817451683263644 0.0511097268015403 0.059444366394983 0.0567195526272835 0.0642443166645791 0.0749372920812871 0.0791460714616593 -0.0342168440401099 0.0469036762952454 0.0407348337555811 0.0788005350141282 -0.0217497051010599 0.0788045888356282 0.0828684352749493 0.0722958455656593 0.0619989978229832 0.0667450568709856 0.0703067673915566 0.059266870063564 0.0642088183758102 0.0609888828590403 0.0609031184600403 0.0609031184600403 0.0594384789583103 0.049130628429576
0.199474260906182 0.305238172242271 0.339941214105423 0.39864655347271 0.819057924574374 0.877842477360591 0.956871811300128 1 0.960682513360713 0.952090750211522 -0.00704547906969372 -0.0069700671531937 0.942624262623903 0.986414569319575 0.947612124975266 0.986106796479075 0.947122247551266 0.947001339516766 -0.136361120652993 -0.0715759091953657 -0.0550287875894981 -0.085572869992772 -0.0934717070142253 -0.0919444926194141 -0.0912531365139141 -0.085520527222272 0.0358187052880194 0.0404075341070578 0.0375860456612502 0.0443242526983655 0.0603840108017465 0.0646040977753527 -0.0409011070825807 0.0367717009955464 0.0305487762472252 0.0639372988631488 -0.0245590132909845 0.0639404757166488 0.0679321375241818 0.0573702174562527 0.0551143988571668 0.0602625043815149 0.0663910079792453 0.0546896025416134 0.0491673591266808 0.0460549996923194 0.0459812830241694 0.0459812830241693 0.0443653971821808 0.0402219677685046
0.208455219813011 0.333439583303692 0.362716688219255 0.42072429900461 0.807645504030471 0.858134822403707 0.996148546572027 0.960682513360713 1 0.991299221666502 -0.0218377338618237 -0.0217377450463238 0.981662100401882 0.946819214053266 0.986540244112575 0.946554150141266 0.986000496912575 0.985867205546075 -0.154007088942689 -0.0731898580562459 -0.0661822143319396 -0.0850678599881285 -0.0931108015359856 -0.0914425302977143 -0.0909011442267143 -0.0850121790121285 0.0467173500527694 0.0551495400970122 0.0525116923606283 0.0599293222681946 0.0704300136842465 0.0746625640743528 -0.0374673907370807 0.0431390361221464 0.0370069694791752 0.0743055249781488 -0.0250607681789307 0.0743096034896488 0.0784083852266818 0.0678406483393527 0.0576834736655124 0.0707287789330149 0.0658389532160134 0.0548866338417814 0.0596853195691808 0.0564663111101694 0.0563803164816694 0.0563803164816694 0.0548608748421808 0.0458452197171378
0.200898590496795 0.323552045867147 0.370080152626425 0.42914903085873 0.816512222928295 0.858913260765684 0.987224577932316 0.952090750211522 0.991299221666502 1 -0.0219935242143196 -0.0218889478533196 0.990368088807203 0.955565912743157 0.995158610248426 0.955280411733658 0.994613821360926 0.994478519726426 -0.15828720991697 -0.0836118717562826 -0.0690461466329234 -0.0953076805204856 -0.103471128793877 -0.101737643148366 -0.101230224994866 -0.0952508523704856 0.0444112325615297 0.0528634314715036 0.0501550318760471 0.0577791603951979 0.0681169223609125 0.0723023057849964 -0.0398018631938185 0.0406296992116927 0.0344699713282358 0.07192702241483 -0.0272665656194185 0.07193133813133 0.0760104303598956 0.0654361995964964 0.0544393269365035 0.0684380745932541 0.0631854627318546 0.0523151282766276 0.057404998178591 0.0541630451570297 0.0540736916805297 0.0540736916805297 0.0576439960088262 0.0433054921442982
-0.168155204389129 -0.210138721429251 -0.160874143452919 -0.185634148004166 -0.0642306970154788 -0.0405241351788033 -0.0245705326029587 -0.00704547906969366 -0.0218377338618237 -0.0219935242143197 1 0.9999651459705 -0.0261145990751138 -0.00922810967234899 -0.0243737286840736 -0.00882115749284901 -0.0238486439910736 -0.0237236426550737 0.537403429533872 0.0403460090408014 -0.0439009943790046 0.026442458464054 0.0218594159444191 0.0266118274551917 0.0258619907636917 0.026391069551054 -0.0446894459875583 -0.0607755230058547 -0.0631127280274937 -0.0752609347846633 -0.0581229940695 -0.0550713002289427 0.0720478718007937 -0.000589008185786472 -0.000549569868486022 -0.0481454993958907 0.0754656742040583 -0.0481483834577907 -0.0448401944812358 -0.0478835146453927 -0.0452849880324537 -0.0553153154170658 -0.0423029849156661 -0.0444537286727519 -0.0678618866286909 -0.0584282740166868 -0.0583582816141868 -0.0583582816141869 -0.0642155012900409 -0.00991988551476752
-0.168097433079129 -0.210132230399251 -0.160796076260919 -0.185572921452666 -0.0640727767979788 -0.0404305747698033 -0.0244692154644586 -0.00697006715319365 -0.0217377450463238 -0.0218889478533197 0.9999651459705 1 -0.0261290932226138 -0.00961317989784899 -0.0246897128000736 -0.009161927525349 -0.0241697920370736 -0.0240454242105737 0.537331181064872 0.0408260164778013 -0.0433654165541546 0.026942475696554 0.0223390504354191 0.0270906421976917 0.0263436989871917 0.026890930217054 -0.0451354267881083 -0.0612512092386047 -0.0635923931115937 -0.0757406502411633 -0.05859309701 -0.0555396378909427 0.0721157689412937 -0.00103044464788647 -0.000989742946936022 -0.0485980461128407 0.0755361046920583 -0.0486009532641407 -0.0452947428366358 -0.0483345807661427 -0.0452395332709537 -0.0555362171787158 -0.0427286117985161 -0.0449087176036019 -0.0682892041286909 -0.0588741290051368 -0.0588037880630368 -0.0588037880630369 -0.0646657794034909 -0.00988912052551752
0.205328056236295 0.33198116091855 0.377684659399166 0.436680310008006 0.806477588743377 0.850735455818193 0.977590016423827 0.942624262623903 0.981662100401882 0.990368088807203 -0.0261145990751137 -0.0261290932226137 1 0.94692307611409 0.986241355083359 0.94652067882009 0.985703671355359 0.985567647345359 -0.15338781778147 -0.0798277096644855 -0.0704661995661234 -0.0912884439538658 -0.0994910845130797 -0.0977306419483769 -0.0972110670413769 -0.0912307699873658 0.0534685458179511 0.0618602620247445 0.0592430328728568 0.0669396347095972 0.07697917690883 0.0811521033463956 -0.0407474528528185 0.0398088541296427 0.0336543838547358 0.0807291456722476 -0.0282528099579185 0.0807336636447476 0.0848323066152949 0.0742423698533956 0.0626166877827444 0.077723987359874 0.0726946640625816 0.0611477543098546 0.0661957781423263 0.0629206301844511 0.0628284455634511 0.0628284455634511 0.0664130854735616 0.0431347570301482
0.195114483703584 0.298851957243781 0.350788818270249 0.410981855273094 0.822724747634909 0.873909251477028 0.942657468141612 0.986414569319575 0.946819214053266 0.955565912743157 -0.00922810967234899 -0.00961317989784899 0.94692307611409 1 0.960563143593666 0.9993325050135 0.960073746914166 0.959950802923166 -0.142607245503962 -0.0877360736566724 -0.0643942261826914 -0.101405747002866 -0.109491316031373 -0.107863735643405 -0.107226813738405 -0.101351533631866 0.0329210414788588 0.0374743064167968 0.0345523426749175 0.0416027365317206 0.0573732167241549 0.0615225108241387 -0.0402546926111865 0.0335287899565905 0.0272644904533749 0.0608175582083699 -0.0238347387466092 0.0608211182153699 0.0647862520596114 0.0542113545831387 0.054535872543641 0.0558193099629428 0.0629538641848084 0.0513711985463 0.0461985428375065 0.0430428040462589 0.0429636513667589 0.0429636513667588 0.0464263607268019 0.0404163025090172
0.204241414537557 0.327167848041493 0.372505564453509 0.431653864501435 0.811524339535194 0.855041613518951 0.982463168729654 0.947612124975266 0.986540244112575 0.995158610248426 -0.0243737286840737 -0.0246897128000737 0.986241355083359 0.960563143593666 1 0.960538930743666 0.9996755318345 0.9995942688445 -0.161708306501987 -0.0884070332401052 -0.0754085417634998 -0.100489556242211 -0.108245545607739 -0.106497500966384 -0.106002736955884 -0.100431929981711 0.0436863512222588 0.0521241208535782 0.0493842124528029 0.0573316955636933 0.0674475642516549 0.0716162980476387 -0.0370218561576865 0.0396693873023905 0.0334811992247749 0.0712215407103699 -0.0244458501191365 0.0712260232108699 0.0753015855876114 0.0647014037306387 0.0575689103983597 0.0660836556349428 0.0625194080988 0.0515318324262915 0.0562947740400065 0.0535325397827589 0.0534403819812589 0.0534403819812588 0.0570110526358018 0.0454165248251403
0.195386265965584 0.298864662602781 0.349365101026249 0.408818577432594 0.822118243229409 0.874169192593028 0.942427772938112 0.986106796479075 0.946554150141266 0.955280411733658 -0.00882115749284901 -0.009161927525349 0.94652067882009 0.9993325050135 0.960538930743666 1 0.960579391026166 0.960553167000166 -0.145427129377962 -0.0853292854321724 -0.0634592603170414 -0.0998056872773658 -0.107012206669873 -0.105417145950405 -0.104756935146905 -0.0997515671843658 0.0318919419765588 0.0366534481137968 0.0337130677324175 0.0411710076107207 0.0571050687421549 0.0612770655651387 -0.0408721188281865 0.0329503958739905 0.0266585771104749 0.0606106412093699 -0.0243685240379092 0.0606142100583699 0.0645816558591114 0.0539743301066387 0.054823404112141 0.0563394880124428 0.0619476869713084 0.0510694795658 0.0451458752650065 0.0429295485257588 0.0428499801707588 0.0428499801707588 0.0463259677448019 0.0394077141658672
0.205065851508557 0.327628643710993 0.372965506211509 0.431675719783435 0.811108077402694 0.855114535255951 0.981956613772654 0.947122247551266 0.986000496912575 0.994613821360926 -0.0238486439910737 -0.0241697920370737 0.985703671355359 0.960073746914166 0.9996755318345 0.960579391026166 1 0.9999943230435 -0.163235214155987 -0.0880263430466052 -0.0758604687401998 -0.100828020394211 -0.107934604736739 -0.106195680036884 -0.105691315551884 -0.100770310319211 0.0446316426747588 0.0531570264090782 0.0503990128878029 0.0585603977126933 0.0684951174476549 0.0726707265236387 -0.0368893886716865 0.0402140977800405 0.0340140068030749 0.0722709254848699 -0.0242581264028365 0.0722753937978699 0.0763443142606114 0.0657386125541387 0.0585279413698597 0.0667992522594428 0.0622787357033 0.0525621757112914 0.0566958065355065 0.0546541315177588 0.0545623051502588 0.0545623051502588 0.0581395548748018 0.0460759694959403
0.205096011859557 0.327625649991493 0.372860998280509 0.431486343463935 0.810973579151694 0.855081943886951 0.981828529425654 0.947001339516766 0.985867205546075 0.994478519726426 -0.0237236426550737 -0.0240454242105737 0.985567647345359 0.959950802923166 0.9995942688445 0.960553167000166 0.9999943230435 1 -0.163437863933487 -0.0879178697511052 -0.0759113732831498 -0.100821233101711 -0.107829180127239 -0.106092428769384 -0.105586871129884 -0.100763511336211 0.0447141803677588 0.0532510599955782 0.0504923456078029 0.0586902848911933 0.0685981169556549 0.0727749515106387 -0.0368705799331865 0.0402752535469905 0.0340736101488749 0.0723776399823699 -0.0242324027354865 0.0723821091853699 0.0764507410261114 0.0658436764236387 0.0586313365633597 0.0668554050139428 0.0622773787663 0.0526652972867914 0.0567017566395065 0.0547681444242588 0.0546762869107588 0.0546762869107588 0.0582560033913018 0.0460780911661403
-0.12769894907725 -0.203649162803466 -0.173090370776782 -0.213065539653804 -0.18577933730838 -0.140979828086289 -0.156012066974623 -0.136361120652993 -0.154007088942689 -0.15828720991697 0.537403429533872 0.537331181064872 -0.15338781778147 -0.142607245503962 -0.161708306501987 -0.145427129377962 -0.163235214155987 -0.163437863933487 1 -0.0106014968796574 -0.0313669950927329 -0.00646197593417813 -0.00994632374860744 -0.00524879462164104 -0.00404646100914104 -0.00651215883707813 -0.0420323742874314 -0.0619427687974549 -0.0543778988808075 -0.066423373696286 -0.0306998302505683 -0.0268774627093318 -0.0179837353220894 -0.049570903564271 -0.0449439758273044 -0.0222940347533739 -0.0118961638957795 -0.0223112220322239 -0.0281494445670318 -0.0174081731624471 -0.0204099262749707 -0.00973142333151854 -0.00590791267368513 -0.00736465563620877 -0.0234887744285773 -0.014115142526833 -0.013920986595433 -0.013920986595433 -0.0186010254412273 -0.107955050712359
-0.0313737626253058 -0.0428127153246283 -0.0510233679808703 -0.0845712155800605 -0.0871512895495875 -0.0882919382222862 -0.0699172082318987 -0.0715759091953657 -0.0731898580562459 -0.0836118717562826 0.0403460090408014 0.0408260164778013 -0.0798277096644855 -0.0877360736566724 -0.0884070332401052 -0.0853292854321724 -0.0880263430466052 -0.0879178697511052 -0.0106014968796574 1 0.660676383546372 0.959521297689142 0.959765300561312 0.964616609169836 0.964085034081336 0.959523352532642 -0.0810120017528997 -0.0612083620322479 -0.0691216062749242 -0.0721530375833424 -0.0906828537370459 -0.0993606659516373 -0.0669205537537624 -0.0897785310372372 -0.0907948485058094 -0.0896596470223809 -0.0791868801187624 -0.0896543484863809 -0.0905414425280366 -0.0904744652970366 -0.108522101032084 -0.101566578785953 -0.10036780085361 -0.0914941469051564 -0.0736320759640841 -0.0734183885015071 -0.073121444975507 -0.073121444975507 -0.0749140913788194 -0.0943783185324442
-0.0351661163761759 -0.0450838716899766 -0.0463854318590887 -0.088379455634455 -0.09165634972288 -0.0877983238180399 -0.0626594256517954 -0.0550287875894981 -0.0661822143319396 -0.0690461466329234 -0.0439009943790046 -0.0433654165541546 -0.0704661995661234 -0.0643942261826914 -0.0754085417634999 -0.0634592603170414 -0.0758604687401998 -0.0759113732831499 -0.0313669950927329 0.660676383546372 1 0.625761593847525 0.634211934877034 0.631064373720806 0.629415346298806 0.625785688084525 -0.147166459951789 -0.148925199159189 -0.166250633145711 -0.165289120588866 -0.185630210247509 -0.1942569919459 -0.1392130248448 -0.153414381836393 -0.150348485757334 -0.197829836237011 -0.133087714503305 -0.197815559688511 -0.197583071622412 -0.198248570129412 -0.160464484258557 -0.181545549422644 -0.195029977892942 -0.193345217404759 -0.170832141254648 -0.170195187370289 -0.169896967194289 -0.169896967194289 -0.167642918671648 -0.121280122287017
-0.02529350520966 -0.0589154724246846 -0.0628620593574056 -0.0899340079466899 -0.089806862456558 -0.091907026397386 -0.0818010188363644 -0.085572869992772 -0.0850678599881285 -0.0953076805204856 0.026442458464054 0.026942475696554 -0.0912884439538658 -0.101405747002866 -0.100489556242211 -0.0998056872773658 -0.100828020394211 -0.100821233101711 -0.00646197593417813 0.959521297689142 0.625761593847525 1 0.990288372824002 0.995030357830529 0.994705735362029 0.9999988368615 -0.0784540827690493 -0.0550176096157369 -0.0527129292744455 -0.0559189342567186 -0.0733882773862357 -0.0820269134390223 -0.054524374407573 -0.0745590306662648 -0.0756376802123022 -0.0721967555290403 -0.0665033268205731 -0.0721922092200403 -0.0731469138853513 -0.0730873913733514 -0.0928674718698118 -0.0886030627584727 -0.085625444849282 -0.0743254824470861 -0.0727330368193211 -0.0695265204470867 -0.0692184215095867 -0.0692184215095867 -0.071056165019321 -0.100187109584958
-0.0323184282723058 -0.0655826967812841 -0.0693177163484112 -0.0959856808020606 -0.0977931110484225 -0.099519233245268 -0.0898958095658769 -0.0934717070142253 -0.0931108015359856 -0.103471128793877 0.0218594159444191 0.0223390504354191 -0.0994910845130797 -0.109491316031373 -0.108245545607739 -0.107012206669873 -0.107934604736739 -0.107829180127239 -0.00994632374860744 0.959765300561312 0.634211934877034 0.990288372824002 1 0.995270642765805 0.994854988577805 0.990289749877002 -0.0772330727295569 -0.0577205804542664 -0.0555093906904954 -0.0586427838261445 -0.0754909108652931 -0.0841430002504395 -0.0521381785570375 -0.0766407015091463 -0.0777265562347105 -0.0742209170981282 -0.0681010595394688 -0.0742160884816283 -0.0751782213038388 -0.0751099211323388 -0.0948130322348614 -0.0855355384000932 -0.0843030421109294 -0.0762975500429754 -0.0715305533503487 -0.0714191681690854 -0.0711116133705854 -0.0711116133705854 -0.0729597382620841 -0.0991891548514442
-0.0308141581052606 -0.0641479252104142 -0.0675623683959965 -0.0942998924622871 -0.0959583656437363 -0.0981619454189722 -0.0882152314836114 -0.0919444926194141 -0.0914425302977143 -0.101737643148366 0.0266118274551917 0.0270906421976917 -0.0977306419483769 -0.107863735643405 -0.106497500966384 -0.105417145950405 -0.106195680036884 -0.106092428769384 -0.00524879462164105 0.964616609169836 0.631064373720806 0.995030357830529 0.995270642765805 1 0.9996128656675 0.995031393896529 -0.0755212236701088 -0.0559179909702542 -0.0536766614531454 -0.0568786509548859 -0.0737433596686573 -0.0823826089659166 -0.0555096810722244 -0.0753341579352175 -0.0764256193913813 -0.0724943543573395 -0.0674840201782244 -0.0724897068523395 -0.0734576419722069 -0.0733913529462069 -0.0933761949714949 -0.0838495754244687 -0.0825627287422726 -0.0746097532202875 -0.0696767885525863 -0.0696122290951501 -0.0693032079136501 -0.0693032079136501 -0.0711484048977515 -0.0981255114519886
-0.0306547370782606 -0.0619492649194142 -0.0657702838429965 -0.0931575790797871 -0.0953593962452363 -0.0973787021589722 -0.0876651778516114 -0.0912531365139141 -0.0909011442267143 -0.101230224994866 0.0258619907636917 0.0263436989871917 -0.0972110670413769 -0.107226813738405 -0.106002736955884 -0.104756935146905 -0.105691315551884 -0.105586871129884 -0.00404646100914105 0.964085034081336 0.629415346298806 0.994705735362029 0.994854988577805 0.9996128656675 1 0.994708187477029 -0.0747001191631089 -0.0552248882112542 -0.0529526553776454 -0.0561725330668859 -0.0730723808536573 -0.0817087859289167 -0.0550802149292244 -0.0755987470042174 -0.0766660626848814 -0.0717940381163395 -0.0671602666837244 -0.0717983715473395 -0.0742582727762069 -0.0726604586232069 -0.0923393578344948 -0.0828971533644687 -0.0817256749202726 -0.0737969815942874 -0.0687169696800863 -0.0687393838041501 -0.0684308763366501 -0.0684308763366501 -0.0702525812622515 -0.100071357650489
-0.02515098451966 -0.0588222487266846 -0.0628147227359056 -0.0898813381576899 -0.089751378011058 -0.091920812745886 -0.0817451683263644 -0.085520527222272 -0.0850121790121285 -0.0952508523704856 0.026391069551054 0.026890930217054 -0.0912307699873658 -0.101351533631866 -0.100431929981711 -0.0997515671843658 -0.100770310319211 -0.100763511336211 -0.00651215883707813 0.959523352532642 0.625785688084525 0.9999988368615 0.990289749877001 0.995031393896529 0.994708187477029 1 -0.0784912678605493 -0.0550389940262369 -0.0527319179069455 -0.0559352522042186 -0.0734128395527356 -0.0820512371255223 -0.0545447796325731 -0.0745645090207648 -0.0756438035073022 -0.0722146929650404 -0.0665211835775731 -0.0722101511980403 -0.0731655356233513 -0.0731017822118513 -0.0928916845913119 -0.0886261519199723 -0.0856281749177824 -0.0743241425850866 -0.0725902047663203 -0.0693762961850873 -0.0690674213980873 -0.0690674213980873 -0.0709053935053205 -0.100045239947958
0.0654201005081806 0.0469824943289338 0.0534231986146868 0.0509550478825782 0.0667029799778218 0.0739109173447372 0.0511097268015403 0.0358187052880194 0.0467173500527694 0.0444112325615297 -0.0446894459875583 -0.0451354267881083 0.0534685458179511 0.0329210414788588 0.0436863512222588 0.0318919419765588 0.0446316426747588 0.0447141803677588 -0.0420323742874314 -0.0810120017528997 -0.147166459951789 -0.0784540827690493 -0.077233072729557 -0.0755212236701088 -0.0747001191631089 -0.0784912678605493 1 0.909185088955149 0.905096721331275 0.914922803674378 0.814735946944943 0.802249961610379 0.513884006774065 0.672844210132353 0.667946501623645 0.785550401465675 0.528569007748348 0.785546863698675 0.780015940299429 0.780837578571929 0.677485430172099 0.707070955481227 0.736178214414233 0.769298392664078 0.733342606667665 0.72730824762797 0.726994486962971 0.726994486962971 0.722317097630046 0.484396751685021
0.0660640860603571 0.0572813729830696 0.0553663620677148 0.0554082401806726 0.0667718149797205 0.0778141087718234 0.059444366394983 0.0404075341070578 0.0551495400970122 0.0528634314715036 -0.0607755230058547 -0.0612512092386047 0.0618602620247445 0.0374743064167968 0.0521241208535782 0.0366534481137968 0.0531570264090782 0.0532510599955782 -0.0619427687974549 -0.061208362032248 -0.148925199159189 -0.0550176096157369 -0.0577205804542664 -0.0559179909702542 -0.0552248882112542 -0.0550389940262369 0.909185088955149 1 0.974522979278696 0.944270486328192 0.88155128222121 0.869421794866677 0.544018211574144 0.702983489375164 0.698054415574465 0.853715804889655 0.558664009417602 0.853713300030655 0.848127786529604 0.848080818606104 0.751294073564203 0.77875653715225 0.795153539873088 0.836641622855378 0.801480286321877 0.804773096823894 0.804450388218894 0.804450388218894 0.799465170175377 0.507888135869515
0.0758936119576288 0.0609173340181721 0.0600791922451003 0.0618793456635248 0.0684455203479346 0.0757109238399698 0.0567195526272835 0.0375860456612502 0.0525116923606283 0.0501550318760471 -0.0631127280274937 -0.0635923931115937 0.0592430328728568 0.0345523426749175 0.0493842124528029 0.0337130677324175 0.0503990128878029 0.0504923456078029 -0.0543778988808075 -0.0691216062749243 -0.166250633145711 -0.0527129292744455 -0.0555093906904954 -0.0536766614531454 -0.0529526553776454 -0.0527319179069455 0.905096721331275 0.974522979278696 1 0.958515585512763 0.896786307708924 0.884773958810044 0.557933337412758 0.720578121418893 0.715550064815389 0.870276340100643 0.572713353428257 0.870273796216643 0.864586571244584 0.864542215009084 0.75639065573764 0.78377132747592 0.821541405436252 0.852901898344525 0.786859869448167 0.790603377117603 0.790283636238103 0.790283636238103 0.785318344769167 0.499960060924906
0.0749963366986404 0.059613933239366 0.0568527319855924 0.0683509860587919 0.0747520356607622 0.0807078885085068 0.0642443166645791 0.0443242526983655 0.0599293222681946 0.0577791603951979 -0.0752609347846633 -0.0757406502411633 0.0669396347095972 0.0416027365317206 0.0573316955636933 0.0411710076107207 0.0585603977126933 0.0586902848911933 -0.0664233736962861 -0.0721530375833425 -0.165289120588866 -0.0559189342567186 -0.0586427838261445 -0.0568786509548859 -0.0561725330668859 -0.0559352522042186 0.914922803674378 0.944270486328192 0.958515585512763 1 0.907307978257187 0.895408948021724 0.566856070794874 0.746380106111752 0.741464729130658 0.870558491292606 0.578463975183374 0.870555973739606 0.864952756604868 0.864912547953368 0.756296519966515 0.795108772361123 0.823458343155703 0.853434886599058 0.799416255520594 0.803008800644779 0.802689394662779 0.802689394662779 0.797706579672094 0.529461540138831
0.037289358598833 0.055632624052241 0.0540625852809764 0.0671958501936762 0.086251046501553 0.0968361160287665 0.0749372920812871 0.0603840108017465 0.0704300136842465 0.0681169223609125 -0.0581229940695 -0.05859309701 0.07697917690883 0.0573732167241549 0.0674475642516549 0.0571050687421549 0.0684951174476549 0.0685981169556549 -0.0306998302505683 -0.0906828537370459 -0.185630210247509 -0.0733882773862357 -0.0754909108652931 -0.0737433596686573 -0.0730723808536573 -0.0734128395527357 0.814735946944943 0.88155128222121 0.896786307708924 0.907307978257187 1 0.989623745854209 0.629147458099147 0.803657077148214 0.798914444310598 0.972345993329467 0.640280126783647 0.972345507212467 0.966871115962989 0.966850680690489 0.859478686369155 0.894748427189592 0.922505997603445 0.955520069713628 0.866178472113264 0.870007072857747 0.869648118730247 0.869648118730247 0.864788927255264 0.513199612647579
0.0415505944071351 0.0600662420343742 0.0585696770411556 0.064513930442975 0.083374359749983 0.0942278711065894 0.0791460714616593 0.0646040977753527 0.0746625640743528 0.0723023057849964 -0.0550713002289427 -0.0555396378909427 0.0811521033463956 0.0615225108241387 0.0716162980476387 0.0612770655651387 0.0726707265236387 0.0727749515106387 -0.0268774627093318 -0.0993606659516373 -0.1942569919459 -0.0820269134390222 -0.0841430002504395 -0.0823826089659166 -0.0817087859289167 -0.0820512371255222 0.802249961610379 0.869421794866677 0.884773958810044 0.895408948021724 0.989623745854209 1 0.639874205375822 0.814462322385508 0.809701238817802 0.984109902965709 0.650994123493322 0.984109482308209 0.978610758038645 0.978591552173145 0.871238465981251 0.906231557714914 0.934088134195551 0.967216070006405 0.877740696224113 0.881658405393428 0.881298542916928 0.881298542916928 0.876414768557113 0.516297164170955
-0.0114033177840376 -0.00419798343380949 -0.0166137644832328 -0.0278483817371471 -0.03162320062101 -0.0340316804812406 -0.03421684404011 -0.0409011070825807 -0.0374673907370807 -0.0398018631938185 0.0720478718007937 0.0721157689412937 -0.0407474528528185 -0.0402546926111865 -0.0370218561576865 -0.0408721188281865 -0.0368893886716865 -0.0368705799331865 -0.0179837353220894 -0.0669205537537624 -0.1392130248448 -0.054524374407573 -0.0521381785570375 -0.0555096810722243 -0.0550802149292244 -0.054544779632573 0.513884006774065 0.544018211574144 0.557933337412758 0.566856070794874 0.629147458099147 0.639874205375822 1 0.795202530846665 0.79647006192922 0.64791288918264 0.971102000964771 0.64790338596214 0.641474939101822 0.65209110280498 0.73066617199142 0.633918092754558 0.635458668030777 0.657179415690007 0.577854122750731 0.583045723136052 0.582872431306052 0.582872431306052 0.577828793121231 0.48156723268842
0.0492268762310782 0.0422587982397763 0.0318685676151193 0.0377701512543814 0.0514037181320471 0.0486019010375525 0.0469036762952454 0.0367717009955464 0.0431390361221464 0.0406296992116927 -0.000589008185786473 -0.00103044464788647 0.0398088541296427 0.0335287899565905 0.0396693873023905 0.0329503958739905 0.0402140977800405 0.0402752535469905 -0.049570903564271 -0.0897785310372372 -0.153414381836393 -0.0745590306662648 -0.0766407015091463 -0.0753341579352175 -0.0755987470042174 -0.0745645090207648 0.672844210132353 0.702983489375164 0.720578121418893 0.746380106111752 0.803657077148214 0.814462322385508 0.795202530846665 1 0.994794522132594 0.820158303539065 0.808260647261165 0.820153614134065 0.814095141119008 0.824722275889884 0.702471699902664 0.729712669293354 0.77476685084415 0.812007982136786 0.714860896634218 0.720141934758945 0.719861845191945 0.719861845191945 0.714310990013218 0.607755568959958
0.0542832640629116 0.0371163670949683 0.0273179911265666 0.0336782682675517 0.0455178436884261 0.0427379956684095 0.0407348337555811 0.0305487762472252 0.0370069694791752 0.0344699713282358 -0.000549569868486021 -0.000989742946936021 0.0336543838547358 0.0272644904533749 0.0334811992247749 0.0266585771104749 0.0340140068030749 0.0340736101488749 -0.0449439758273044 -0.0907948485058094 -0.150348485757334 -0.0756376802123022 -0.0777265562347105 -0.0764256193913813 -0.0766660626848814 -0.0756438035073022 0.667946501623645 0.698054415574465 0.715550064815389 0.741464729130658 0.798914444310598 0.809701238817802 0.79647006192922 0.994794522132594 1 0.815448319927367 0.809624988577719 0.815443472979366 0.809346413552302 0.819976079499992 0.697511500001965 0.724762460379835 0.769942280337713 0.807159484860436 0.720781246691527 0.72606493759834 0.72578474355434 0.72578474355434 0.720198325211527 0.60936738832595
0.038000791371283 0.058036198250091 0.0602009417080558 0.0608608366402762 0.082194661634053 0.0923135944157665 0.0788005350141282 0.0639372988631488 0.0743055249781488 0.07192702241483 -0.0481454993958907 -0.0485980461128407 0.0807291456722476 0.0608175582083699 0.0712215407103699 0.0606106412093699 0.0722709254848699 0.0723776399823699 -0.0222940347533739 -0.0896596470223809 -0.197829836237011 -0.0721967555290403 -0.0742209170981282 -0.0724943543573395 -0.0717940381163395 -0.0722146929650404 0.785550401465675 0.853715804889655 0.870276340100643 0.870558491292606 0.972345993329467 0.984109902965709 0.64791288918264 0.820158303539065 0.815448319927367 1 0.65892945121964 0.9999999262565 0.99454721689607 0.99453715191207 0.87639886632121 0.902039035650994 0.938262330208734 0.983273662605811 0.881358294403183 0.886146462760515 0.885787592598015 0.885787592598015 0.880952558843683 0.507078269479579
0.00685296272127836 0.00432147458724051 -0.0095225998581828 -0.0198105913060971 -0.01848268084196 -0.0216008235679906 -0.0217497051010599 -0.0245590132909845 -0.0250607681789307 -0.0272665656194185 0.0754656742040583 0.0755361046920583 -0.0282528099579185 -0.0238347387466092 -0.0244458501191365 -0.0243685240379092 -0.0242581264028365 -0.0242324027354865 -0.0118961638957795 -0.0791868801187624 -0.133087714503305 -0.066503326820573 -0.0681010595394688 -0.0674840201782244 -0.0671602666837244 -0.066521183577573 0.528569007748348 0.558664009417602 0.572713353428257 0.578463975183374 0.640280126783647 0.650994123493322 0.971102000964771 0.808260647261165 0.809624988577719 0.65892945121964 1 0.65892055186214 0.652547198188822 0.66326349454298 0.738689831264378 0.645567602068058 0.652293236487007 0.671961810519372 0.584032740973193 0.589057318794268 0.588873688295768 0.588873688295768 0.583848105395193 0.492388267716191
0.038010041122883 0.058022429218991 0.0601889427937058 0.0608501935902262 0.082199592263053 0.0923174361622665 0.0788045888356282 0.0639404757166488 0.0743096034896488 0.07193133813133 -0.0481483834577907 -0.0486009532641407 0.0807336636447476 0.0608211182153699 0.0712260232108699 0.0606142100583699 0.0722753937978699 0.0723821091853699 -0.0223112220322239 -0.0896543484863809 -0.197815559688511 -0.0721922092200403 -0.0742160884816283 -0.0724897068523395 -0.0717983715473395 -0.0722101511980403 0.785546863698675 0.853713300030655 0.870273796216643 0.870555973739606 0.972345507212467 0.984109482308209 0.64790338596214 0.820153614134065 0.815443472979366 0.9999999262565 0.65892055186214 1 0.99457174534257 0.99453690677857 0.87639644015921 0.902037404061994 0.938261380597234 0.983272942455311 0.881356512273683 0.886144869950015 0.885786001943015 0.885786001943015 0.880950825025683 0.507085944665079
0.0432461081383851 0.0527496778900701 0.0555161777084556 0.056641018891725 0.0865746583558434 0.0966461650786307 0.0828684352749493 0.0679321375241818 0.0784083852266818 0.0760104303598956 -0.0448401944812358 -0.0452947428366358 0.0848323066152949 0.0647862520596114 0.0753015855876114 0.0645816558591114 0.0763443142606114 0.0764507410261114 -0.0281494445670318 -0.0905414425280366 -0.197583071622412 -0.0731469138853514 -0.0751782213038388 -0.0734576419722069 -0.0742582727762069 -0.0731655356233514 0.780015940299429 0.848127786529603 0.864586571244584 0.864952756604868 0.966871115962989 0.978610758038645 0.641474939101822 0.814095141119008 0.809346413552302 0.99454721689607 0.652547198188822 0.99457174534257 1 0.989046759676822 0.870775413701251 0.896406333926085 0.932733464087051 0.97768733294669 0.875915491810113 0.880746796671928 0.880389752958928 0.880389752958928 0.875519473479613 0.510168607408955
0.0432376623526851 0.0637794820349242 0.0554648508869556 0.0564374941671751 0.075974045275483 0.0861530143915894 0.0722958455656593 0.0573702174562527 0.0678406483393527 0.0654361995964964 -0.0478835146453927 -0.0483345807661427 0.0742423698533956 0.0542113545831387 0.0647014037306387 0.0539743301066387 0.0657386125541387 0.0658436764236387 -0.0174081731624471 -0.0904744652970366 -0.198248570129412 -0.0730873913733514 -0.0751099211323388 -0.0733913529462069 -0.0726604586232069 -0.0731017822118513 0.780837578571929 0.848080818606104 0.864542215009084 0.864912547953368 0.966850680690489 0.978591552173145 0.65209110280498 0.824722275889884 0.819976079499992 0.99453715191207 0.66326349454298 0.99453690677857 0.989046759676822 1 0.881490875234824 0.906131249397914 0.943739320391335 0.988736891972974 0.887360698644401 0.892150909152378 0.891793777234378 0.891793777234378 0.886941497305401 0.511786110218455
0.0205498670632893 0.0276717747072626 0.00254199403105431 0.0173178897126226 0.0523229704024429 0.0738010533398235 0.0619989978229832 0.0551143988571668 0.0576834736655124 0.0544393269365035 -0.0452849880324537 -0.0452395332709537 0.0626166877827444 0.054535872543641 0.0575689103983597 0.054823404112141 0.0585279413698597 0.0586313365633597 -0.0204099262749707 -0.108522101032084 -0.160464484258557 -0.0928674718698119 -0.0948130322348614 -0.0933761949714949 -0.0923393578344948 -0.0928916845913119 0.677485430172099 0.751294073564203 0.75639065573764 0.756296519966515 0.859478686369155 0.871238465981251 0.73066617199142 0.702471699902664 0.697511500001965 0.87639886632121 0.738689831264378 0.87639644015921 0.870775413701251 0.881490875234824 1 0.875762450602285 0.84985261343945 0.880499323574167 0.781521856707913 0.786246340333179 0.785932051180679 0.785932051180679 0.782225103381913 0.4217645707405
0.0442096764191528 0.0654634707321931 0.0372733608625433 0.05439133780866 0.0776489514067465 0.0777557109631139 0.0667450568709856 0.0602625043815149 0.0707287789330149 0.0684380745932541 -0.0553153154170658 -0.0555362171787158 0.077723987359874 0.0558193099629428 0.0660836556349428 0.0563394880124428 0.0667992522594428 0.0668554050139428 -0.00973142333151854 -0.101566578785953 -0.181545549422644 -0.0886030627584727 -0.0855355384000932 -0.0838495754244687 -0.0828971533644687 -0.0886261519199723 0.707070955481227 0.77875653715225 0.78377132747592 0.795108772361123 0.894748427189592 0.906231557714914 0.633918092754558 0.729712669293354 0.724762460379835 0.902039035650994 0.645567602068058 0.902037404061995 0.896406333926085 0.906131249397914 0.875762450602285 1 0.873738217601661 0.894637302540125 0.817877033686135 0.812302678292801 0.811831678170301 0.811831678170301 0.806893137527831 0.449228848118042
0.0664067042846613 0.0644652251161043 0.0664174028392062 0.0552695097652155 0.0854949854665981 0.0967714889323649 0.0703067673915566 0.0663910079792453 0.0658389532160134 0.0631854627318546 -0.0423029849156661 -0.0427286117985161 0.0726946640625816 0.0629538641848084 0.0625194080988 0.0619476869713084 0.0622787357033 0.0622773787663 -0.00590791267368513 -0.10036780085361 -0.195029977892942 -0.085625444849282 -0.0843030421109294 -0.0825627287422726 -0.0817256749202726 -0.0856281749177824 0.736178214414233 0.795153539873088 0.821541405436252 0.823458343155703 0.922505997603445 0.934088134195551 0.635458668030777 0.77476685084415 0.769942280337713 0.938262330208734 0.652293236487007 0.938261380597234 0.932733464087051 0.943739320391336 0.84985261343945 0.873738217601661 1 0.955203347503326 0.851623206689384 0.845513398718665 0.845154585763665 0.845154585763665 0.840554272066094 0.475555455361114
